generation, input, state, input_feasible, input_infeasible, state_feasible, state_infeasible
360,7920,7830,7920,1210,7830,720
50,1210,680,1120,290,680,120
60,1120,570,1070,270,570,220
60,1070,460,840,240,460,1030
60,840,510,920,680,510,1070
60,920,660,780,170,660,350
60,780,610,690,590,610,640
50,690,1640,750,190,1640,610
50,750,520,410,160,520,150
60,410,340,790,160,340,150
60,790,460,740,830,460,110
60,740,520,540,730,520,140
60,540,370,620,250,370,120
60,620,460,590,170,460,370
60,590,440,760,170,440,120
50,760,410,710,140,410,120
60,710,450,710,500,450,120
60,710,360,650,230,360,400
50,290,330,730,1000,330,850
50,270,720,480,220,450,150
60,650,450,460,420,430,150
60,730,430,430,370,390,1080
60,480,390,660,250,390,350
60,240,390,680,1050,300,
60,680,300,390,690,300,
60,460,300,540,250,460,
60,170,460,450,890,470,
60,430,470,440,850,920,
60,660,920,410,250,420,
60,680,420,710,240,490,
60,390,490,680,220,310,
60,540,310,670,300,340,
50,590,120,590,230,520,
60,450,340,540,260,360,
60,440,520,620,780,310,
60,410,360,460,230,360,
60,710,310,690,210,460,
60,190,360,550,230,340,
60,680,460,500,240,380,
60,160,340,650,160,310,
60,670,380,480,330,450,
60,160,310,700,190,360,
60,590,450,390,300,380,
60,540,360,360,680,380,
60,830,380,560,300,320,
60,620,380,390,280,320,
60,730,320,870,410,430,
50,460,320,590,630,330,
60,690,430,620,680,360,
60,250,330,570,620,310,
60,170,360,480,300,300,
60,550,310,570,390,390,
60,500,300,610,670,310,
60,650,390,780,170,320,
60,480,310,520,160,440,
50,170,320,590,300,460,
60,700,440,490,170,1690,
60,390,460,520,620,390,
60,360,1690,470,620,340,
50,560,390,590,150,420,
60,140,340,860,450,360,
60,500,420,690,170,500,
60,390,360,630,170,450,
60,870,500,550,280,540,
80,230,450,470,160,570,
90,1000,540,700,160,600,
100,590,570,710,820,630,
90,620,600,460,160,640,
80,570,630,470,160,510,
100,480,640,570,640,410,
80,570,510,530,690,420,
70,610,410,1030,150,490,
70,780,420,740,170,460,
100,220,490,510,140,530,
80,520,460,580,170,600,
140,590,530,580,310,440,
80,490,600,710,160,550,
100,520,440,670,410,520,
110,470,550,510,170,460,
70,590,520,550,170,490,
100,420,460,640,170,500,
80,860,490,660,160,490,
80,690,500,480,320,440,
80,630,490,540,620,530,
90,370,440,560,680,440,
80,550,530,760,170,450,
80,470,440,610,160,1410,
80,700,450,630,660,430,
80,710,1410,670,160,540,
70,460,430,680,690,580,
90,470,540,650,160,1030,
80,570,580,690,270,480,
80,530,1030,810,420,500,
80,1030,480,650,170,580,
80,250,500,620,300,580,
80,740,580,480,580,660,
80,510,580,570,150,550,
80,580,660,830,160,470,
90,580,550,550,160,580,
80,710,470,570,150,740,
90,670,580,520,280,590,
90,510,740,661,310,450,
80,550,590,550,160,460,
70,1050,450,540,300,460,
90,640,460,640,150,400,
90,660,460,590,280,540,
70,690,400,520,160,1240,
80,480,540,600,170,500,
70,540,1240,520,170,440,
90,250,500,570,170,570,
70,890,440,630,170,440,
80,850,570,560,700,490,
70,560,440,510,410,460,
100,760,490,640,420,500,
90,250,460,510,280,480,
110,610,500,730,640,440,
80,630,480,720,160,420,
80,670,440,550,160,510,
80,240,420,570,160,450,
70,680,510,580,680,520,
80,220,450,480,170,540,
80,650,520,450,140,510,
70,300,540,450,160,470,
120,230,510,410,150,530,
110,690,470,430,150,600,
100,260,530,670,140,620,
80,810,600,440,740,750,
100,650,620,650,390,450,
80,620,750,410,400,530,
80,480,450,470,280,840,
80,570,530,530,160,480,
120,830,840,400,300,500,
80,550,480,410,640,440,
80,570,500,390,640,620,
80,520,440,370,280,520,
100,661,620,430,140,630,
90,780,520,510,290,550,
100,230,630,520,150,450,
80,550,550,520,270,590,
90,540,450,490,170,430,
120,640,590,850,280,430,
80,590,430,350,150,500,
80,210,430,370,400,560,
80,230,500,510,150,440,
80,520,560,410,300,510,
80,600,440,370,180,530,
90,520,510,570,620,490,
100,570,530,340,670,440,
80,630,490,470,160,470,
80,240,440,390,620,510,
90,560,470,380,420,650,
130,510,510,460,150,610,
100,640,650,400,160,1190,
90,510,610,590,300,400,
150,730,220,440,160,370,
80,720,1190,410,160,370,
70,550,400,380,160,410,
60,570,370,400,160,340,
60,580,1030,460,280,340,
60,480,370,440,280,340,
50,160,410,390,620,310,
60,450,340,420,310,340,
60,450,340,500,160,320,
50,410,340,350,620,320,
60,430,310,390,160,320,
60,670,340,350,320,360,
60,330,1070,460,690,360,
60,440,320,400,160,480,
50,190,320,370,170,310,
60,650,320,350,160,450,
60,300,360,350,160,310,
60,410,360,450,160,330,
60,470,480,520,160,340,
60,530,310,490,260,330,
60,680,450,410,670,360,
50,300,310,330,260,310,
60,400,350,370,150,330,
60,280,330,400,160,380,
60,410,340,470,160,590,
60,390,640,390,760,320,
60,410,330,330,170,290,
60,370,360,510,420,380,
50,430,310,480,150,360,
60,510,330,450,160,300,
60,520,380,370,170,300,
50,520,590,540,420,310,
60,630,320,350,290,320,
50,490,290,410,650,450,
60,850,380,490,640,360,
60,680,360,440,630,320,
60,350,300,340,160,600,
60,370,300,450,160,370,
60,510,310,420,160,560,
60,410,320,550,150,310,
50,370,450,480,160,350,
60,620,360,420,1810,340,
60,570,320,470,160,450,
60,340,600,390,300,350,
60,300,370,470,700,320,
60,470,560,450,170,340,
50,390,310,440,420,310,
50,390,350,380,160,370,
60,670,340,380,150,320,
60,380,450,430,280,330,
60,170,350,390,170,450,
60,460,610,430,150,320,
60,160,320,370,160,310,
60,400,340,400,160,360,
60,590,310,430,250,570,
60,440,370,470,240,360,
60,410,320,460,250,280,
60,380,330,450,430,310,
60,300,450,490,160,370,
60,170,320,480,160,380,
50,620,310,370,180,330,
50,620,360,370,290,310,
50,150,570,450,150,300,
50,400,360,510,160,370,
60,460,280,850,150,360,
50,450,310,410,290,320,
60,170,370,400,150,310,
60,440,380,380,650,320,
50,170,330,430,660,330,
50,280,310,410,270,300,
60,390,300,350,150,360,
60,420,370,360,150,1410,
60,500,360,530,300,350,
50,350,320,400,310,300,
50,390,310,420,140,380,
60,350,320,450,160,300,
50,160,330,340,690,410,
60,160,150,370,410,330,
50,460,300,370,150,450,
60,400,360,450,300,320,
60,370,1410,510,700,430,
60,350,350,410,300,350,
60,820,300,360,410,310,
50,350,380,470,720,370,
60,450,150,410,150,350,
60,520,300,400,150,350,
60,490,410,480,640,1180,
60,410,330,480,2110,360,
60,330,450,440,170,310,
60,370,320,370,160,330,
60,400,430,690,140,340,
60,470,350,390,170,320,
60,390,310,740,150,340,
60,330,370,470,420,1410,
60,510,350,370,390,310,
60,480,350,400,180,770,
60,450,1180,470,150,370,
60,370,360,470,720,370,
60,160,310,470,160,590,
60,540,330,450,170,360,
50,350,340,400,280,350,
60,410,320,420,140,370,
60,490,340,410,720,810,
60,440,1410,460,420,360,
60,340,310,340,650,330,
60,450,770,360,170,370,
60,420,370,480,180,310,
60,550,370,500,410,350,
50,480,590,450,160,300,
60,420,360,430,150,360,
60,470,350,450,140,370,
50,390,370,440,170,340,
60,470,810,460,150,350,
60,450,360,460,,590,
60,160,330,380,,440,
50,440,370,450,,320,
60,380,310,430,,550,
50,380,350,420,,780,
60,430,300,380,,360,
60,390,360,400,,390,
60,430,370,460,,370,
60,370,340,420,,390,
60,640,350,410,,330,
60,400,590,360,,360,
60,430,440,380,,340,
60,690,320,360,,320,
50,470,550,450,,320,
60,460,780,370,,310,
60,450,360,380,,350,
60,490,390,450,,310,
50,480,370,370,,340,
60,370,390,370,,450,
50,370,330,480,,830,
60,150,360,450,,370,
50,170,340,530,,340,
50,450,320,430,,850,
60,510,320,460,,340,
60,850,310,360,,350,
60,410,350,430,,330,
60,140,310,410,,560,
50,170,340,350,,310,
60,400,450,360,,360,
60,380,830,400,,350,
60,430,370,460,,360,
60,410,110,440,,330,
60,350,340,380,,340,
50,360,850,390,,330,
60,310,340,440,,370,
60,530,350,340,,320,
60,400,330,480,,300,
60,420,560,380,,360,
60,160,310,460,,350,
60,450,360,470,,350,
50,340,350,480,,300,
60,370,360,340,,330,
50,370,330,620,,300,
60,450,340,350,,340,
60,510,330,420,,340,
60,410,370,380,,290,
60,410,320,430,,340,
60,360,300,500,,300,
60,470,360,400,,560,
50,410,350,420,,350,
60,400,350,360,,310,
50,170,300,400,,310,
60,480,330,380,,300,
60,170,300,570,,310,
60,480,340,590,,330,
60,440,340,410,,520,
60,170,290,380,,330,
50,370,340,380,,290,
50,160,300,390,,350,
60,690,560,560,,310,
50,390,350,430,,510,
60,320,310,390,,300,
60,620,310,470,,310,
50,680,300,380,,340,
60,740,310,660,,310,
50,470,330,410,,310,
60,370,520,430,,330,
60,400,330,370,,580,
50,170,290,410,,310,
60,160,350,400,,310,
50,470,310,460,,360,
60,470,510,400,,370,
60,470,300,350,,390,
60,450,310,360,,320,
60,400,340,440,,310,
60,660,310,430,,330,
60,420,310,410,,300,
60,410,330,370,,290,
60,160,580,470,,350,
60,460,310,480,,350,
60,340,310,430,,340,
60,690,360,440,,360,
60,160,370,440,,300,
60,360,140,420,,570,
60,480,390,390,,310,
60,500,320,390,,330,
60,270,310,550,,350,
50,420,330,390,,390,
60,450,120,400,,460,
60,430,300,430,,280,
60,450,290,460,,340,
60,170,350,400,,310,
60,440,350,490,,310,
50,460,340,380,,300,
60,460,360,400,,290,
60,380,300,470,,320,
60,300,570,420,,310,
60,450,310,420,,310,
60,580,330,350,,320,
60,430,350,330,,320,
60,420,390,400,,360,
50,380,460,450,,300,
60,150,280,450,,300,
50,160,340,390,,360,
60,400,310,470,,320,
60,460,310,350,,340,
60,420,300,440,,870,
60,410,290,440,,350,
50,360,320,350,,310,
50,160,310,400,,290,
60,150,310,390,,300,
60,280,320,430,,310,
60,380,320,350,,310,
60,360,360,330,,300,
60,450,300,380,,360,
60,310,300,480,,310,
60,370,360,350,,290,
60,380,320,350,,330,
60,450,340,370,,350,
50,370,870,350,,350,
50,370,350,470,,340,
60,160,310,390,,290,
60,480,290,390,,300,
50,450,300,360,,380,
60,300,310,440,,310,
60,150,310,460,,350,
60,530,300,380,,300,
50,430,360,430,,310,
60,280,310,450,,310,
60,160,290,450,,310,
60,460,330,420,,320,
50,360,350,470,,310,
60,430,350,340,,460,
60,410,340,430,,290,
50,350,290,370,,360,
60,360,300,460,,310,
60,170,380,440,,360,
60,400,310,430,,350,
60,170,350,410,,2050,
60,460,300,350,,540,
60,440,310,380,,310,
50,380,310,430,,310,
60,170,310,420,,360,
50,390,320,410,,320,
60,440,310,470,,350,
60,340,460,320,,310,
60,480,290,350,,850,
60,380,360,450,,350,
60,460,310,380,,1160,
60,470,360,400,,370,
50,170,350,360,,300,
60,480,2050,450,,330,
60,340,540,360,,310,
60,700,310,410,,320,
60,620,310,400,,350,
60,350,360,440,,330,
60,420,320,430,,360,
50,410,350,450,,360,
60,420,310,450,,330,
60,380,850,390,,310,
60,280,350,350,,300,
60,430,1160,470,,310,
60,500,370,430,,340,
60,400,300,380,,320,
60,420,330,440,,380,
60,360,310,350,,340,
60,400,320,460,,360,
60,380,350,420,,340,
60,640,330,390,,330,
60,160,360,410,,350,
60,570,360,490,,280,
60,590,330,380,,320,
60,410,310,470,,320,
60,160,300,350,,330,
60,380,310,380,,310,
60,380,340,430,,340,
50,390,320,450,,320,
50,560,380,900,,320,
60,430,340,470,,360,
60,390,360,340,,340,
60,160,340,390,,360,
60,470,330,390,,320,
60,380,350,8940,,310,
60,680,280,430,,310,
50,170,320,420,,360,
60,660,320,440,,330,
60,140,330,420,,360,
50,160,310,410,,330,
50,150,340,340,,320,
50,150,320,370,,790,
60,410,320,340,,330,
50,430,360,420,,340,
60,370,340,420,,340,
60,410,360,380,,330,
60,140,320,440,,290,
60,740,310,430,,380,
60,400,310,350,,340,
60,460,360,360,,340,
60,390,330,410,,300,
50,400,360,420,,370,
50,280,330,470,,350,
60,400,320,420,,330,
50,350,790,450,,300,
60,360,330,450,,590,
60,160,340,370,,370,
60,300,340,420,,400,
60,640,330,460,,310,
50,440,290,420,,300,
60,430,380,460,,360,
60,410,340,420,,360,
60,370,340,370,,350,
50,470,300,390,,330,
50,640,370,400,,340,
60,480,350,390,,340,
50,430,330,420,,310,
60,440,300,480,,290,
60,280,590,430,,350,
60,140,370,380,,350,
50,440,400,400,,330,
60,290,310,330,,310,
60,420,300,460,,320,
60,390,360,380,,320,
60,390,360,330,,330,
50,550,350,470,,320,
60,390,370,430,,1100,
60,400,330,430,,300,
60,430,340,370,,300,
60,150,340,370,,630,
60,270,310,430,,280,
60,460,290,400,,390,
50,400,120,340,,320,
60,490,350,350,,320,
60,380,350,450,,360,
60,400,330,470,,300,
60,470,310,420,,380,
60,420,320,410,,310,
60,420,320,340,,340,
50,350,330,330,,330,
60,170,320,410,,340,
60,330,1100,410,,330,
60,400,300,450,,320,
60,450,300,410,,900,
60,450,630,420,,310,
50,390,280,370,,320,
60,470,390,420,,360,
60,350,320,480,,330,
50,440,320,510,,320,
60,440,360,410,,310,
60,280,300,420,,370,
60,350,380,390,,360,
60,150,310,440,,340,
50,400,340,460,,310,
60,400,330,430,,320,
50,390,340,320,,290,
60,150,330,370,,300,
60,430,120,420,,350,
60,300,320,470,,330,
60,350,900,360,,320,
60,330,310,400,,340,
50,180,320,390,,320,
60,380,360,470,,320,
60,480,330,400,,310,
60,350,320,400,,350,
50,350,310,320,,310,
60,370,370,470,,340,
60,350,360,420,,310,
50,620,340,350,,310,
50,470,310,380,,370,
60,390,320,430,,360,
50,670,290,370,,560,
60,390,300,400,,360,
60,360,350,330,,300,
60,440,330,390,,360,
60,160,320,450,,430,
60,460,340,450,,620,
60,380,320,330,,360,
60,430,320,420,,320,
50,450,310,470,,360,
60,620,350,380,,310,
50,450,310,330,,310,
50,420,340,480,,320,
60,150,310,430,,580,
60,420,310,380,,310,
50,470,370,350,,300,
60,340,360,350,,350,
60,430,560,460,,320,
60,370,360,340,,400,
60,460,300,450,,320,
60,440,360,460,,310,
50,430,430,470,,310,
50,410,620,500,,320,
60,350,360,380,,350,
50,380,320,490,,380,
60,430,360,300,,320,
50,420,310,420,,360,
60,410,310,440,,330,
60,160,320,380,,320,
60,470,580,370,,300,
60,300,310,450,,350,
50,160,300,340,,780,
60,320,350,420,,290,
60,160,320,460,,350,
50,350,400,390,,310,
50,450,320,410,,310,
50,380,310,480,,370,
60,400,310,430,,310,
60,160,320,500,,340,
60,360,350,440,,350,
60,450,380,400,,300,
60,360,320,370,,350,
60,410,360,410,,750,
60,400,330,340,,370,
60,440,320,400,,330,
50,160,300,470,,340,
60,280,350,360,,320,
60,430,780,490,,310,
60,450,290,380,,300,
60,450,350,440,,350,
50,390,310,420,,320,
50,280,310,450,,380,
50,350,370,390,,330,
60,470,310,410,,320,
70,430,340,440,,350,
60,380,350,400,,780,
60,440,300,430,,350,
50,350,350,410,,350,
50,460,750,330,,320,
50,420,370,460,,320,
60,390,330,440,,360,
60,410,340,620,,340,
60,620,320,560,,360,
60,490,310,540,,340,
60,380,300,650,,370,
60,470,350,700,,320,
60,310,320,680,,330,
60,350,380,680,,320,
60,160,330,420,,380,
50,380,320,400,,320,
50,430,350,480,,300,
60,620,780,360,,310,
50,160,350,490,,320,
60,320,350,430,,370,
60,450,320,460,,350,
50,900,320,390,,340,
60,470,360,490,,300,
60,340,340,350,,320,
50,390,360,450,,320,
60,390,340,430,,310,
50,8940,370,420,,370,
50,430,320,450,,350,
60,690,330,440,,310,
60,420,320,440,,300,
60,440,380,440,,350,
60,420,320,360,,770,
60,410,300,440,,310,
60,160,310,460,,300,
60,340,320,400,,350,
60,370,370,350,,330,
60,340,350,450,,320,
50,420,340,390,,350,
60,420,300,420,,320,
50,380,320,430,,510,
60,170,320,660,,360,
60,440,310,370,,400,
60,430,370,360,,330,
60,350,350,330,,310,
60,360,310,430,,350,
60,410,300,360,,360,
60,420,350,440,,330,
60,160,770,490,,360,
60,160,310,320,,350,
60,160,300,390,,340,
60,470,350,330,,350,
60,420,330,430,,330,
60,450,320,360,,300,
50,450,350,420,,320,
60,370,320,420,,370,
60,160,510,450,,310,
50,420,360,470,,370,
50,460,400,450,,370,
50,420,330,370,,350,
60,260,310,410,,330,
60,670,350,410,,350,
60,460,360,350,,320,
60,260,330,440,,370,
60,420,360,440,,320,
60,370,350,460,,340,
60,390,340,320,,340,
60,400,350,390,,350,
60,390,330,450,,310,
50,420,300,480,,340,
60,480,320,440,,360,
50,430,370,450,,320,
60,150,310,400,,350,
60,380,370,360,,330,
60,400,370,440,,350,
60,330,350,360,,330,
60,460,330,430,,330,
60,380,350,450,,310,
60,330,320,390,,350,
60,160,370,550,,350,
60,470,320,450,,310,
50,430,340,430,,320,
60,430,340,420,,340,
60,370,350,550,,850,
60,370,310,430,,560,
50,430,340,470,,330,
50,400,360,920,,290,
50,160,320,390,,310,
60,340,350,480,,300,
60,350,330,350,,360,
50,450,350,380,,370,
50,470,330,340,,300,
60,760,330,360,,330,
60,420,310,360,,330,
60,410,350,400,,310,
60,340,350,460,,370,
60,330,310,450,,300,
60,170,320,370,,300,
60,410,340,470,,360,
60,410,850,350,,300,
60,450,560,460,,310,
60,410,330,440,,380,
50,420,290,440,,330,
60,370,310,350,,350,
60,420,300,430,,330,
60,150,360,400,,370,
60,160,370,410,,310,
60,420,120,390,,310,
60,480,300,410,,350,
60,510,330,340,,320,
60,410,330,400,,360,
60,420,310,410,,300,
60,390,370,350,,330,
50,440,400,640,,330,
50,170,300,480,,320,
50,460,300,310,,320,
50,430,360,390,,300,
60,320,300,440,,610,
60,370,310,360,,320,
60,420,850,440,,370,
60,470,380,420,,310,
60,360,330,390,,340,
60,400,350,420,,850,
50,390,330,430,,360,
60,420,370,320,,340,
60,290,310,320,,320,
60,650,310,500,,330,
50,470,350,320,,350,
50,400,320,400,,460,
50,400,360,470,,300,
60,640,300,450,,360,
60,320,330,460,,310,
60,470,330,320,,340,
50,420,320,350,,340,
60,630,320,450,,330,
60,160,300,440,,320,
50,350,610,450,,350,
50,160,320,400,,340,
60,380,370,440,,340,
60,430,310,470,,350,
60,370,340,430,,330,
60,400,850,400,,350,
60,330,360,410,,330,
60,390,340,490,,320,
50,450,320,480,,360,
50,450,330,,,310,
60,330,350,,,340,
60,420,460,,,310,
50,160,300,,,300,
50,150,360,,,310,
60,470,310,,,330,
50,380,340,,,310,
60,330,340,,,340,
60,480,330,,,320,
50,430,320,,,350,
60,380,350,,,310,
50,350,340,,,290,
60,350,340,,,320,
60,460,350,,,370,
50,340,330,,,320,
60,450,350,,,290,
60,460,330,,,340,
60,160,320,,,320,
50,470,360,,,360,
50,500,310,,,320,
60,380,340,,,330,
60,490,310,,,350,
60,1810,300,,,350,
60,160,310,,,330,
60,300,330,,,300,
60,300,310,,,300,
60,420,340,,,300,
60,440,150,,,290,
60,380,320,,,1440,
60,700,350,,,480,
60,170,310,,,370,
60,420,290,,,300,
50,370,320,,,310,
50,160,370,,,390,
60,450,320,,,300,
60,340,290,,,350,
60,420,340,,,340,
60,460,320,,,360,
50,390,360,,,310,
50,410,320,,,310,
60,480,330,,,300,
60,150,350,,,290,
60,280,350,,,300,
60,430,330,,,350,
60,500,300,,,540,
50,440,300,,,840,
50,400,300,,,300,
60,370,290,,,330,
50,410,1440,,,350,
50,340,480,,,500,
50,170,150,,,550,
60,400,370,,,490,
60,150,300,,,640,
60,470,310,,,540,
60,360,390,,,480,
50,490,300,,,750,
50,380,350,,,570,
60,440,340,,,380,
50,420,1080,,,310,
60,450,360,,,390,
60,160,310,,,340,
60,390,310,,,370,
60,410,300,,,350,
60,440,350,,,330,
60,400,290,,,350,
60,430,300,,,320,
60,410,350,,,310,
60,330,540,,,300,
60,460,840,,,330,
60,440,300,,,400,
60,160,330,,,320,
50,620,350,,,320,
80,250,500,,,540,
110,240,550,,,780,
100,250,490,,,330,
70,560,640,,,340,
80,540,540,,,340,
90,430,480,,,340,
140,650,750,,,370,
80,700,570,,,300,
120,680,380,,,320,
50,680,310,,,320,
60,420,390,,,310,
60,400,340,,,380,
50,160,370,,,360,
60,480,350,,,360,
60,160,330,,,290,
60,360,350,,,370,
60,490,320,,,310,
50,180,310,,,370,
50,430,300,,,360,
50,290,330,,,300,
60,460,400,,,430,
50,390,320,,,320,
60,490,320,,,360,
60,350,540,,,350,
60,450,780,,,340,
50,430,330,,,370,
60,150,340,,,330,
60,160,340,,,340,
60,150,340,,,300,
60,420,370,,,340,
60,450,300,,,300,
60,440,320,,,360,
60,440,320,,,300,
60,290,310,,,340,
60,440,380,,,320,
60,150,360,,,310,
50,360,360,,,610,
60,650,290,,,300,
50,440,370,,,290,
60,460,310,,,370,
50,400,370,,,790,
60,350,360,,,370,
60,660,300,,,330,
60,450,430,,,290,
60,270,320,,,360,
60,150,360,,,320,
60,390,350,,,370,
60,150,340,,,350,
60,420,370,,,310,
50,300,330,,,360,
60,430,340,,,320,
50,310,300,,,280,
50,660,340,,,360,
60,140,300,,,340,
50,160,360,,,530,
50,370,300,,,320,
60,360,340,,,340,
60,330,320,,,300,
60,430,310,,,350,
50,360,610,,,340,
60,440,300,,,320,
60,490,290,,,370,
60,320,370,,,350,
60,390,790,,,360,
60,330,370,,,300,
60,690,330,,,300,
50,430,290,,,340,
50,360,360,,,310,
60,420,320,,,360,
60,420,370,,,300,
60,450,350,,,360,
60,470,310,,,310,
60,450,360,,,310,
60,410,320,,,350,
60,370,280,,,290,
60,410,360,,,300,
60,150,340,,,360,
60,410,530,,,360,
60,350,320,,,340,
50,440,340,,,380,
60,440,300,,,310,
60,300,350,,,290,
60,700,340,,,340,
60,460,320,,,290,
50,300,370,,,310,
60,320,350,,,360,
60,390,360,,,390,
60,450,300,,,330,
60,410,300,,,300,
60,720,340,,,360,
60,480,310,,,340,
60,440,360,,,360,
60,450,300,,,320,
60,150,360,,,310,
60,150,310,,,290,
50,400,310,,,360,
60,360,350,,,510,
60,440,290,,,360,
60,360,300,,,320,
60,640,360,,,340,
50,430,360,,,570,
50,2110,340,,,300,
50,450,380,,,350,
60,390,310,,,300,
60,550,290,,,300,
50,450,340,,,310,
50,430,290,,,290,
60,170,310,,,350,
60,420,360,,,330,
50,550,390,,,310,
50,430,330,,,350,
60,470,300,,,340,
60,160,360,,,570,
60,140,340,,,320,
60,920,360,,,350,
60,390,320,,,330,
60,170,310,,,320,
60,480,290,,,360,
60,350,360,,,330,
60,380,510,,,370,
60,340,360,,,350,
60,150,320,,,340,
60,360,340,,,360,
60,360,570,,,370,
60,420,300,,,350,
60,400,350,,,360,
60,460,300,,,340,
60,450,300,,,560,
60,370,310,,,340,
60,470,290,,,310,
50,350,350,,,360,
60,460,330,,,320,
50,390,310,,,360,
50,180,350,,,320,
60,440,340,,,350,
60,440,570,,,310,
50,150,320,,,320,
60,350,350,,,280,
60,720,330,,,310,
60,430,320,,,300,
60,160,360,,,760,
60,170,330,,,340,
60,280,370,,,310,
60,400,350,,,360,
60,140,340,,,330,
50,410,360,,,340,
60,390,370,,,320,
60,410,350,,,340,
60,720,360,,,360,
60,340,340,,,360,
50,400,560,,,320,
60,420,340,,,310,
60,650,310,,,330,
60,410,360,,,780,
50,350,320,,,340,
50,170,360,,,320,
60,640,320,,,330,
60,480,350,,,320,
60,310,310,,,350,
60,390,320,,,580,
60,440,280,,,300,
60,180,310,,,310,
60,360,300,,,310,
50,440,760,,,370,
60,410,340,,,310,
60,420,310,,,310,
60,160,360,,,360,
50,390,330,,,300,
60,420,340,,,330,
50,430,320,,,320,
50,320,340,,,310,
60,320,360,,,380,
60,500,360,,,,
60,320,320,,,,
60,400,310,,,,
60,470,330,,,,
60,450,780,,,,
60,460,340,,,,
60,150,320,,,,
60,140,330,,,,
60,320,320,,,,
60,350,350,,,,
60,450,580,,,,
60,440,300,,,,
60,170,310,,,,
60,450,310,,,,
60,400,370,,,,
60,440,310,,,,
60,470,310,,,,
50,150,360,,,,
60,430,300,,,,
60,400,330,,,,
60,410,320,,,,
60,490,310,,,,
60,480,380,,,,
