generation, input, state, input_feasible, input_infeasible, state_feasible, state_infeasible
2130,25629,20500,25629,4333,20500,1592
315,4333,2240,3796,963,2240,426
296,3796,7037,2963,852,7037,1686
315,2963,2111,2223,815,2111,2463
315,2223,1704,2259,2760,1704,3556
315,2259,1611,2722,667,1611,612
315,2722,1723,2333,1926,1723,444
315,2333,1556,1685,685,1556,1667
315,1685,3092,1963,667,3092,2722
315,1963,2111,1852,648,2111,407
315,1852,1537,1870,3149,1537,519
296,1870,1482,1796,2722,1482,7056
297,1796,1481,1815,1112,1481,500
314,1815,1593,2055,704,1593,519
315,2055,2741,2592,648,2741,1556
296,2592,1463,2185,722,1463,6685
315,2185,1537,1611,1389,1537,2389
315,1611,1907,2204,667,1907,1611
314,963,1815,2334,2796,1815,612
315,852,1592,1741,685,2074,3555
296,2204,2074,2092,1259,1481,
315,2334,1481,2075,1204,1371,
315,1741,1371,2167,667,1444,
315,815,1444,2093,2926,1444,
315,2760,1444,1444,1963,1463,
296,2092,1463,2148,630,1852,
314,667,1852,1666,2574,1741,
314,2075,1741,1481,2630,1778,
315,2167,1778,1612,649,1463,
297,2093,1463,2704,667,1833,
296,1444,1833,2407,648,1592,
315,2148,1592,2111,759,1741,
296,1926,426,1925,666,1981,
315,1666,1741,1834,648,1796,
315,1481,1981,1963,2075,1426,
315,1612,1796,1889,648,1463,
314,2704,1426,2463,648,1796,
314,685,1463,2796,667,1722,
315,2407,1796,2259,649,1796,
314,667,1722,2204,667,1462,
314,2111,1796,2111,1148,2167,
315,648,1462,2482,648,1741,
315,1925,2167,1722,1130,1592,
315,1834,1741,1462,2741,1851,
296,3149,1592,1908,1148,1463,
315,1963,1851,1482,1167,1648,
315,2722,1463,1759,1352,1741,
296,1889,1648,1796,2611,2074,
315,2463,1741,2093,2556,26536,
296,1112,2074,1666,2593,1778,
315,704,26536,1630,1167,1426,
315,2796,1778,1611,1315,6278,
297,2259,1426,1852,2500,1574,
296,2204,6278,2092,666,1630,
296,2111,1574,1574,630,1612,
296,648,1630,1852,1166,1648,
315,2482,1612,1481,629,2722,
315,1722,1648,1444,2537,1778,
296,1462,2722,1408,2445,1630,
315,1908,1778,1907,648,1463,
315,722,1630,2666,1648,1778,
315,1389,1463,1741,629,1463,
315,1482,1778,2037,611,1629,
315,1759,1463,1760,1037,1444,
315,667,1629,1462,611,1444,
315,2796,1444,2148,648,1463,
314,1796,1444,1926,2981,1445,
315,2093,1463,1463,667,2000,
296,1666,1445,1463,685,1759,
314,1630,2000,1519,2500,1426,
296,1611,1759,1722,2611,1407,
314,1852,1426,2259,685,1814,
296,2092,1407,1852,611,1482,
315,685,1814,1685,630,1444,
296,1574,1482,2092,667,1703,
314,1852,1444,1777,1222,1926,
315,1481,1703,2111,685,1667,
314,1444,1926,1666,1685,1685,
315,1408,1667,1463,685,1371,
314,1907,1685,1556,649,1667,
296,1259,1371,1963,629,1426,
315,2666,1667,1834,630,1463,
315,1741,1426,1463,1314,1463,
315,2037,1463,1612,2463,1370,
297,1204,1463,1703,2537,1556,
314,1760,1370,2166,648,1463,
315,1462,1556,1778,648,1444,
315,2148,1463,1574,2444,1685,
315,1926,1686,1871,704,1426,
315,1463,1444,1852,2926,3518,
315,1463,1685,1926,630,1426,
296,1519,1426,1963,1167,1445,
315,1722,3518,2056,1686,1797,
315,2259,1426,1963,667,1648,
315,667,1445,1611,1185,1648,
314,1852,1797,1445,2482,1760,
315,1685,1648,1815,667,1444,
314,2092,1648,2185,685,1649,
315,1777,1760,1908,611,1425,
315,2111,1444,2019,629,1667,
296,1666,1649,1537,1166,1445,
315,1463,1425,1870,1167,1425,
296,1556,1667,1463,667,1426,
296,2926,1445,1481,1185,1796,
296,1963,1425,1760,648,1425,
315,1834,1426,1814,1185,3778,
315,1963,1796,1500,611,1667,
296,1463,1425,1851,686,1445,
314,1612,3778,1537,666,1426,
297,630,1667,1944,648,1426,
315,2574,1445,1648,666,1963,
315,2630,1426,1425,2648,1759,
315,1703,1426,1537,1722,1445,
296,2166,1963,1704,1722,1685,
314,649,1759,1444,1149,1463,
296,1778,1445,1796,2463,1407,
315,1574,1685,2037,629,1666,
297,1871,1463,1851,629,1649,
315,667,1407,1759,648,1778,
315,1852,1666,1944,2593,1630,
315,648,1649,1944,667,1444,
315,1926,1778,1648,667,1649,
315,759,1630,1778,648,1778,
315,666,1444,1463,648,1574,
315,1963,1649,1741,611,1388,
315,648,1778,2240,611,1463,
296,2056,1574,2018,2574,1426,
297,1963,1388,2241,1611,1426,
296,1611,1463,1481,1611,1648,
315,1445,1426,1907,1315,1981,
314,1815,1426,1796,630,1611,
315,2185,1648,1500,1148,1574,
315,1908,1981,1648,2556,1462,
315,2019,1611,1537,2648,1500,
296,1537,1574,1426,1204,1518,
315,1870,1462,1648,685,1463,
314,2075,1500,2018,1111,1482,
315,648,1518,1870,667,1444,
315,1463,1463,1815,1130,1778,
296,1481,1482,1889,667,1426,
297,1760,1444,2019,1185,1648,
296,1814,1778,1407,630,1426,
315,648,1426,1500,1685,1667,
315,667,1648,1611,666,1759,
315,1500,1426,1481,1166,1444,
315,1851,1667,1481,704,1574,
315,1537,1759,2074,2500,1408,
315,1944,1444,1462,2648,1593,
315,1648,1574,1759,630,1796,
314,649,1408,1519,2537,1444,
315,1425,1593,1630,1704,1592,
315,1537,1796,1722,649,1444,
314,1704,1444,1463,648,3278,
296,1444,1592,1778,1166,1667,
315,1796,1444,1963,630,1649,
296,2037,3278,1833,666,1629,
296,1851,1667,1556,630,1444,
315,1759,1649,1593,630,1463,
315,1944,1629,1852,1130,5129,
296,1944,1444,1685,1167,1574,
297,667,1463,1649,2574,1611,
297,1648,5129,1648,1185,1611,
315,1778,1574,1667,648,1666,
315,1463,1611,1463,2463,1426,
315,1741,1611,1463,648,1445,
315,2240,1666,1426,1167,1425,
315,1148,1426,1796,2666,1407,
315,2018,1445,1445,648,1648,
315,648,1425,1445,685,1445,
315,2241,1407,1481,648,1593,
297,1130,1648,1482,630,1444,
315,1481,1445,1814,648,1426,
315,1907,1593,1851,666,1426,
315,1796,1444,1630,1130,1426,
315,2741,1426,1704,2518,1426,
315,1148,2463,1462,1148,1445,
315,1500,1426,1500,648,1463,
315,1167,1426,1704,630,1444,
315,1648,1426,1963,648,1407,
315,1537,3556,1759,2667,1648,
314,1352,1445,1444,648,3333,
315,1426,1463,1907,1685,1425,
315,1648,1444,1815,630,1389,
315,2018,1407,1778,666,1667,
296,1870,1648,1518,685,1667,
315,1815,3333,1963,1723,1426,
315,2611,1425,1426,1166,1500,
315,1889,1389,1629,2556,1722,
315,2019,1667,1926,2593,1407,
315,2556,1667,1611,2445,1667,
315,1407,1426,1389,667,1649,
315,1500,1500,1648,667,2463,
314,1611,1722,1648,630,1463,
296,1481,1407,2018,630,1407,
296,1481,1667,2148,630,2444,
297,2593,1649,1926,6741,1611,
315,2074,2463,1741,667,1667,
296,1462,1463,1666,1129,1667,
314,1167,1407,1685,2574,1629,
315,1759,2444,1648,648,1649,
315,1519,1611,1685,1649,1389,
296,1315,1667,1667,649,1463,
296,2500,1667,1408,630,1426,
315,1630,1629,1852,1148,1388,
315,666,1649,1463,666,1686,
297,1722,1389,2000,667,1648,
315,630,1463,1426,630,1408,
315,1463,1426,1648,686,1463,
297,1778,1388,1833,611,1815,
296,1963,1686,1796,611,1667,
297,1833,1648,1815,611,1630,
315,1556,1408,1778,1130,1463,
315,1166,1463,1962,611,1630,
315,629,1815,1833,648,1629,
297,2537,1667,1463,648,1389,
315,2445,1630,1500,1093,1407,
314,648,1463,1852,666,1667,
315,1593,1630,1871,629,1444,
315,1852,1629,1759,611,1648,
315,1648,1389,1630,1148,1408,
296,629,1407,1481,648,1722,
296,1685,1667,1482,2537,1667,
315,611,1444,1537,2463,1445,
296,1037,1648,1963,1185,1537,
315,1649,1408,1407,611,1666,
314,1648,1722,1444,648,1648,
315,1667,1667,2185,1111,1463,
315,1463,1445,1703,1167,1463,
315,1463,1537,1463,611,4777,
315,1426,1666,1630,667,1778,
296,611,1648,1463,2593,1426,
296,648,612,1445,1666,1444,
297,1796,1463,1593,611,2722,
315,1445,1463,1815,1167,2630,
315,1445,4777,2037,2574,1740,
296,1481,1778,1889,1111,1426,
315,2981,1426,1426,1667,1630,
314,1482,1444,1722,2703,1574,
315,1814,2722,1796,648,1426,
296,1851,2630,1592,629,1389,
296,1630,1740,1759,2500,1648,
296,1704,1426,1834,7778,1444,
314,1462,1630,1852,667,1648,
315,1500,1574,1444,648,1575,
297,1704,1426,1982,612,3556,
296,1963,1389,1741,648,1574,
296,1759,1648,2075,666,1648,
296,1444,1444,1778,1685,1389,
315,1907,1648,1537,1777,1630,
297,1815,1575,1889,667,1463,
314,1778,3556,1703,630,1408,
315,1518,1574,1944,2593,1463,
314,667,1648,2000,648,1648,
315,1963,1389,1797,667,3426,
315,1426,1630,1592,1167,1426,
315,1629,1463,1777,629,1667,
315,1926,1408,1556,2518,1481,
315,1611,1463,1741,1722,1889,
315,1389,1648,1500,2463,1463,
315,1648,3426,1463,667,1722,
315,1648,1426,1945,648,1648,
315,2018,1667,1889,1760,1629,
315,2148,1481,1648,648,1426,
315,1926,1889,1685,667,1630,
297,1741,1463,1834,629,1611,
315,1666,1722,1944,648,1648,
314,1685,1648,1815,648,1444,
315,1648,1629,1760,,1463,
297,685,1426,1463,,1426,
315,1685,1630,1685,,1630,
297,1667,1611,1759,,1648,
296,1408,1648,1685,,1426,
296,1852,1444,1445,,1555,
315,1463,1463,1667,,1648,
315,2000,1426,1741,,1426,
315,1426,1630,1815,,4685,
296,2500,1648,1555,,1444,
296,1648,1426,1408,,1667,
296,1833,1555,1463,,1648,
296,2611,1648,1388,,4759,
297,1796,1426,1907,,1445,
296,1815,4685,1482,,1666,
315,1778,1444,1778,,1463,
296,1962,1667,1759,,1685,
297,1833,1648,1463,,1630,
315,1463,4759,1463,,1445,
314,1500,1445,1796,,2667,
315,685,1666,1926,,1426,
315,611,1463,2074,,1444,
296,1852,1685,1759,,1611,
314,1871,1630,1871,,3278,
314,1759,1445,1481,,1426,
315,1630,2667,1741,,1648,
314,630,1426,1648,,1649,
315,667,1444,1426,,1426,
315,1481,1611,1463,,1371,
315,1482,3278,1630,,1444,
296,1537,1426,1870,,1463,
296,1963,444,1685,,1648,
314,1407,1648,1482,,1351,
314,1444,1649,1611,,1648,
315,1222,1426,1648,,1408,
315,2185,1371,1500,,1426,
315,1703,1444,1630,,1482,
314,1463,1667,1574,,1667,
297,685,1463,1704,,1463,
315,1630,1648,1852,,1426,
297,1463,1351,1926,,1648,
315,1445,1648,1481,,1574,
315,1593,1408,1945,,1444,
315,1815,1426,1481,,1426,
315,2037,1482,1630,,1370,
315,1889,1667,1574,,1648,
297,1685,1463,1574,,1426,
314,1426,1426,1945,,1648,
314,1722,1648,1556,,1463,
315,1796,1574,1759,,1407,
315,1592,1444,1500,,1426,
315,685,1426,1759,,1408,
296,1759,1370,1518,,1407,
296,649,1648,2056,,1648,
297,1834,1426,1629,,1426,
297,1852,1648,1778,,1444,
315,629,1463,1463,,1370,
296,1444,1407,1538,,1574,
315,630,1426,1481,,4445,
315,1982,1408,1963,,1408,
315,1741,1407,1815,,1408,
296,1314,1648,1759,,1426,
296,2463,1426,1778,,1612,
315,2537,1444,1537,,1444,
296,2075,1370,1963,,1425,
314,1778,1574,1648,,1371,
315,1537,4445,1704,,1444,
315,1889,1408,1445,,1426,
315,648,1408,1648,,1426,
315,648,1426,1555,,1778,
315,1703,1612,1667,,2722,
315,1944,1444,1760,,3648,
296,2000,1425,1482,,1426,
315,1797,1371,1574,,1667,
296,1592,1444,1667,,1630,
296,2444,1426,1519,,1611,
315,1777,1426,1741,,1407,
315,1556,1778,1482,,1425,
296,704,2722,1926,,1426,
297,1741,3648,1796,,1537,
315,1500,1426,1722,,1444,
315,2926,1667,1834,,1426,
297,630,1630,1852,,1426,
297,1463,2722,1630,,1426,
296,1945,1611,1648,,1425,
296,1889,1407,1686,,1445,
297,1167,1425,1907,,2333,
314,1686,1426,1629,,1666,
297,1648,1537,1963,,3278,
315,1685,1444,1703,,1463,
314,1834,1426,1870,,1648,
315,667,1426,1759,,1796,
296,1944,1426,1981,,3833,
315,1815,1425,1408,,1629,
315,1760,1445,1870,,1444,
315,1463,2333,1833,,1666,
314,1185,1666,1667,,1426,
296,1685,3278,1740,,1445,
297,2482,1463,1500,,1408,
296,1759,1648,1463,,1408,
297,1685,1796,1741,,1463,
315,1445,3833,1760,,1444,
315,667,1629,1703,,2426,
315,685,1444,1463,,1667,
296,1667,1666,1760,,1630,
315,1741,1426,1482,,1648,
314,1815,1445,1648,,1445,
315,1555,1408,1815,,1648,
315,1408,1408,1444,,1463,
315,611,1463,1852,,1444,
315,629,1444,1481,,8537,
296,1166,2426,1704,,1445,
296,1463,1667,1500,,1426,
315,1388,1630,1555,,7611,
297,1907,1648,1629,,2481,
297,1167,1445,1759,,1666,
315,1482,1648,1518,,1444,
314,1778,1463,1482,,1389,
315,1759,1444,1389,,1629,
296,1463,8537,1518,,1481,
315,1463,1445,1833,,1463,
315,667,1426,1833,,1426,
315,1796,7611,1629,,1685,
315,1926,2481,1685,,1333,
315,1185,1666,1944,,1444,
315,648,1444,1815,,1667,
315,2074,1389,1445,,1426,
297,1759,1629,1630,,1648,
315,1185,1481,1667,,1370,
296,611,1463,1741,,1463,
297,1871,1426,1759,,1407,
315,1481,1685,1759,,1445,
297,1741,1333,1463,,2352,
315,1648,1444,1741,,1426,
314,1426,1667,1426,,1630,
315,1463,1426,1852,,1648,
314,686,1648,2018,,1445,
296,1630,1370,1815,,1648,
315,666,1463,1648,,1759,
315,1870,1407,1482,,1648,
296,1685,1445,1630,,1630,
296,1482,2352,1908,,1444,
315,648,1426,1593,,1630,
296,1611,1630,1796,,2389,
315,1648,1648,1815,,1425,
296,1500,1445,1445,,2611,
315,1630,1648,1463,,1463,
315,1574,1759,1833,,1722,
315,1704,1648,1556,,1648,
297,1852,1630,1648,,1426,
296,666,1444,1481,,2500,
314,1926,1630,1963,,1648,
314,1481,2389,1482,,3445,
314,2648,1425,1666,,1445,
314,1945,2611,1593,,1426,
296,1481,1463,1759,,1445,
315,1630,1722,1796,,1426,
315,1722,1648,1889,,1444,
315,1722,1426,1815,,1648,
315,1574,2500,1408,,1463,
296,1149,1648,1426,,1648,
315,1574,3445,1945,,1463,
315,1945,1445,2037,,1426,
297,1556,1426,1482,,1370,
315,1759,1445,1722,,1426,
296,1500,1426,1426,,1370,
296,1759,1444,1630,,1425,
314,1518,1648,1722,,1426,
296,2463,1463,1723,,1593,
296,629,1648,1592,,1556,
315,2056,1463,1630,,1444,
315,1629,1426,1463,,1648,
296,1778,1370,1851,,1370,
296,629,1426,1463,,1593,
315,1463,1370,1389,,1648,
296,1538,1425,1741,,1630,
296,1481,1426,1851,,1462,
296,1963,1593,3222,,1444,
315,1815,1556,1778,,1426,
315,1759,1444,1463,,1649,
315,648,1648,1574,,1444,
315,1778,1370,1685,,1648,
296,1537,1593,1426,,1445,
315,2593,1648,1759,,2648,
315,667,1630,1685,,1463,
315,1963,1462,1778,,1463,
314,667,1444,1834,,1649,
296,648,1426,1481,,1648,
296,648,1649,1463,,1666,
315,611,1444,1482,,1426,
315,1648,1648,1388,,1426,
314,1704,1445,1777,,1630,
315,1445,2648,1667,,1630,
315,1648,1463,1482,,1723,
297,611,1463,1797,,1426,
315,2574,1649,1778,,2426,
296,1555,1648,1463,,1648,
314,1667,1666,1592,,1351,
315,1611,1426,1630,,1426,
315,1611,1426,1611,,1666,
297,1315,1630,1704,,1426,
314,1760,1630,1667,,1426,
296,1482,1723,1667,,1426,
315,1574,1426,2000,,1445,
315,630,2426,1556,,1611,
297,1148,1648,1519,,1445,
315,2556,1351,1796,,1408,
315,1667,1426,1777,,4500,
314,1519,1666,1814,,1426,
315,1741,1426,1815,,2556,
314,1482,1426,1630,,1648,
315,1926,1426,1556,,1444,
296,2648,1445,1556,,1667,
315,1796,1611,1667,,1426,
297,1722,1445,1629,,1630,
315,1834,1408,1926,,3407,
315,1204,4500,1685,,1629,
315,685,1426,1574,,1667,
297,1852,2556,1648,,1666,
297,1111,1648,1407,,1425,
296,1630,1444,1777,,1445,
315,1648,1667,1518,,1667,
296,1686,1426,1444,,1666,
314,1907,1630,1648,,1426,
315,1629,3407,1926,,1648,
315,1963,1629,1778,,1389,
315,1703,1667,1481,,1444,
314,667,1666,1519,,1611,
314,1130,1425,1703,,1407,
315,1870,1445,1481,,5481,
315,1759,407,1444,,1759,
315,1981,1667,1500,,1445,
315,1408,1666,1889,,1574,
315,1870,1426,1723,,1445,
314,1833,1648,1648,,1611,
315,1667,1389,1666,,1426,
315,1740,1444,1444,,1463,
296,1500,1611,1389,,1519,
314,667,1407,1815,,1741,
314,1463,5481,1592,,1648,
314,1741,1759,1814,,1445,
314,1760,1445,1852,,1444,
296,1703,1574,1685,,1426,
314,1463,1445,1481,,1463,
315,1760,1611,1944,,1407,
315,1482,1426,1963,,3908,
296,1648,1463,2019,,2111,
296,1815,1519,1630,,1481,
315,1185,1741,1944,,1371,
296,1444,1648,1574,,1370,
297,630,1445,1612,,1445,
297,1852,1444,1871,,1445,
315,1685,1426,1834,,1629,
296,1481,519,1463,,1444,
315,666,1463,1648,,1648,
296,1704,1407,1777,,1444,
314,1166,7056,1833,,1463,
315,1500,3908,1518,,1500,
389,1555,2111,1629,,1463,
315,704,1481,1722,,1667,
315,1629,1371,1833,,1444,
315,1759,1370,1667,,1463,
315,1518,1445,1593,,1537,
297,1482,1445,1482,,1445,
315,1389,1629,1685,,1630,
315,1518,1444,1741,,1426,
315,2500,1648,1481,,1426,
296,1833,1444,1463,,1425,
315,1833,1463,1741,,1408,
314,2648,1500,1463,,1445,
315,1629,1463,1759,,1574,
315,1685,1667,1463,,1740,
314,1944,1444,1445,,1425,
315,630,1463,1778,,1426,
315,1815,1537,1741,,1648,
314,1445,1445,1481,,1426,
297,1630,1630,1666,,1667,
315,1667,500,1815,,1445,
315,2537,1426,1463,,1537,
297,1741,1426,1500,,1352,
315,1704,1425,1833,,1649,
314,649,1408,1778,,1425,
315,1759,1445,1482,,1407,
315,1759,1574,1426,,1481,
315,1463,1740,1444,,1556,
315,1741,1425,1870,,1426,
296,1426,1426,1481,,1425,
315,1852,1648,1778,,1426,
296,2018,1426,1944,,1648,
297,1815,1667,1722,,1389,
315,1648,1445,1944,,1574,
315,1482,1537,1648,,1389,
314,1630,1352,1723,,1425,
314,1908,1649,1500,,1426,
315,1593,1425,1666,,1463,
296,1796,1407,1759,,1630,
315,648,1481,1648,,1648,
296,1815,1556,1463,,1630,
315,1166,1426,1852,,1444,
315,630,1425,1500,,1519,
314,1445,1426,1612,,1445,
315,666,1648,1833,,2537,
315,1463,1389,1611,,1648,
315,1833,1574,1611,,1444,
314,1556,1389,1741,,1648,
315,1648,1425,1851,,1648,
315,630,1426,1741,,1463,
314,1481,1463,1778,,7129,
315,1963,1630,1444,,1611,
297,1482,1648,1444,,1463,
315,1666,1630,1704,,1667,
296,1593,1444,1426,,1463,
315,1759,1519,1703,,1648,
315,630,1445,2019,,1463,
314,1130,2537,1444,,1445,
296,1796,1648,1814,,1481,
314,1889,1444,1630,,1574,
296,1815,1648,1833,,1611,
315,1408,1648,1741,,1389,
296,1167,1463,1759,,1648,
315,1426,7129,1519,,1667,
315,1945,1611,1833,,1648,
315,2037,1463,1778,,1760,
315,1482,1667,1778,,1463,
296,1722,1463,1778,,1666,
315,1426,1648,1814,,1648,
297,1630,1463,1463,,1444,
315,1722,1445,1722,,1667,
314,1723,1481,1704,,1426,
296,1592,1574,2037,,1444,
297,2574,1611,1685,,1648,
314,1630,1389,1482,,1574,
296,1463,1648,1722,,1740,
315,1851,1667,1722,,1611,
315,1185,1648,1815,,1463,
315,1463,1760,2000,,1759,
296,648,1463,1741,,1444,
315,1389,1666,1500,,1444,
314,1741,1648,1760,,1389,
315,2463,1444,1462,,1666,
297,648,1667,1797,,1445,
296,1167,1426,1796,,1574,
315,1851,1444,1666,,1426,
296,3222,1648,1426,,1445,
315,1778,1574,1870,,1426,
315,1463,1740,1408,,1685,
314,1574,1611,1740,,1463,
315,1685,1463,1704,,1667,
315,1426,1759,1667,,1426,
296,1759,1444,1722,,1481,
315,2666,1444,1925,,1685,
296,1685,1389,1870,,1629,
296,1778,1666,1741,,1592,
297,1834,1445,1593,,1463,
315,1481,1574,1778,,1426,
315,648,1426,1944,,2463,
296,1463,1445,1759,,1649,
315,1482,1426,1500,,1408,
296,1388,1685,1834,,1649,
296,1777,1463,1648,,1648,
315,1667,1667,1833,,1630,
315,1482,1426,1611,,1445,
315,685,1481,1870,,1389,
314,1797,1685,1462,,3315,
296,1778,1629,1482,,3426,
296,1463,1592,1463,,1444,
315,1592,1463,1815,,1445,
314,1630,1426,1519,,1407,
296,1611,519,1611,,1667,
315,648,2463,1852,,1426,
315,630,1649,1462,,1445,
296,648,1408,1648,,1593,
297,1704,1649,1500,,1667,
314,1667,1648,1611,,1686,
315,1667,1630,1463,,1667,
297,2000,1445,1741,,1444,
315,1556,1389,1648,,1407,
315,666,3315,1778,,1463,
315,1519,3426,1925,,1649,
315,1796,1444,1722,,1426,
315,1777,1445,1445,,1648,
314,1130,1407,1759,,1759,
315,2518,1667,1555,,1463,
296,1814,1426,1481,,1574,
296,1148,1445,1593,,1759,
296,1815,1593,1741,,1444,
314,1630,1667,1889,,1463,
315,1556,1686,1462,,1463,
314,1556,1667,1629,,1667,
315,1667,1444,1722,,1444,
315,1629,1407,1592,,1685,
315,1926,1463,1722,,1611,
315,1685,1649,1704,,3408,
314,648,1426,1759,,1629,
315,1574,1648,1574,,1389,
315,1648,1759,1871,,1463,
315,1407,1463,1444,,1648,
315,1777,1574,1814,,1444,
315,1518,1759,1630,,2444,
315,1444,1444,1704,,1389,
315,630,1463,2167,,1463,
315,1648,1463,1648,,1445,
314,1926,1667,1704,,1482,
315,1778,1444,1685,,1426,
315,1481,1685,1815,,1426,
315,1519,1611,1462,,1685,
315,1703,3408,1852,,1444,
315,1481,1629,3056,,1482,
296,648,1389,1463,,1445,
314,1444,1463,1778,,1685,
315,1500,1648,1463,,1481,
314,1889,1444,1500,,1481,
315,1723,2444,1463,,1445,
315,2667,1389,1444,,1666,
315,1648,1463,1500,,1463,
315,1666,1445,1445,,1759,
315,1444,1482,1852,,1648,
315,1389,1426,4741,,1667,
315,648,1426,1926,,1667,
315,1815,1685,1944,,1648,
296,1592,1444,1519,,1648,
296,1814,1482,1852,,1426,
315,1852,1445,2000,,1481,
297,1685,1685,1797,,1482,
315,1481,1481,1463,,1482,
315,1685,1481,1833,,1444,
315,630,1445,1796,,3815,
315,666,1666,1778,,1685,
296,1944,1463,1629,,1500,
315,1963,1759,1648,,1685,
315,2019,1648,1482,,1481,
315,1630,1667,1666,,3463,
315,1944,1667,1648,,1463,
296,1574,1648,1537,,1444,
314,1612,1648,2333,,1666,
315,685,1426,1815,,2741,
296,1871,1481,1518,,1445,
315,1834,1482,1593,,1445,
296,1463,1482,1963,,1463,
296,1648,1444,1629,,1648,
296,1777,3815,1778,,1482,
315,1833,1685,1667,,1445,
296,1518,1500,1722,,1666,
315,1629,1685,1463,,1649,
296,1722,1481,1629,,1426,
315,1723,3463,1426,,1648,
296,1166,1463,1481,,1648,
297,2556,1444,1945,,1389,
296,1833,1666,1407,,3778,
315,1667,2741,1685,,1555,
297,1593,1445,1926,,1630,
315,2593,1445,1833,,1648,
315,1482,1463,1870,,1741,
315,1685,1648,1426,,1648,
296,1741,1482,1445,,1630,
315,2445,1445,1740,,1408,
315,667,1666,1667,,1630,
315,1481,1649,1796,,1463,
315,667,1426,1593,,1481,
315,1463,1648,1889,,1629,
296,1741,1648,1666,,1648,
297,1463,1389,1796,,1574,
315,1759,3778,1759,,1611,
297,1463,1555,1592,,1648,
315,1445,1630,1574,,1648,
315,1778,1648,1759,,1648,
315,1741,1741,,,1481,
315,1481,1648,,,1648,
296,1666,1630,,,1629,
314,630,1408,,,1629,
315,630,1630,,,1481,
315,1815,1463,,,1371,
315,1463,1481,,,1444,
315,1500,1629,,,1445,
315,1833,1648,,,1463,
315,1778,1574,,,1408,
315,1482,1611,,,1667,
315,1426,1648,,,1463,
296,1444,1648,,,1667,
315,1870,1648,,,1426,
314,1481,1481,,,1667,
314,1778,1648,,,1667,
314,1944,1629,,,1445,
315,630,1629,,,1444,
315,1722,1481,,,1630,
315,1944,1371,,,1630,
315,1648,1444,,,1648,
296,1723,1445,,,1648,
297,6741,1463,,,1463,
315,667,1408,,,1648,
296,1129,1667,,,1389,
315,1500,1463,,,1370,
315,1666,1667,,,1648,
296,1759,1556,,,1649,
296,1648,1426,,,1463,
314,2574,1667,,,1574,
297,648,1667,,,1426,
315,1649,1445,,,1444,
315,1463,1444,,,1444,
314,649,1630,,,1463,
315,1852,1630,,,1426,
315,1500,1648,,,1815,
296,1612,1648,,,1482,
296,1833,1463,,,1648,
315,1611,1648,,,1667,
315,1611,1389,,,1444,
296,1741,1370,,,1370,
296,630,1648,,,1667,
315,1148,1649,,,1462,
315,1851,1463,,,1482,
315,1741,1574,,,1463,
315,1778,1426,,,1463,
314,1444,1444,,,1426,
315,1444,1444,,,1463,
315,1704,1463,,,1685,
314,1426,1426,,,2814,
315,666,6685,,,6092,
315,1703,1815,,,1445,
297,667,1482,,,1648,
315,2019,1648,,,1574,
315,1444,1667,,,1444,
296,1814,1444,,,1445,
314,1630,1370,,,1444,
315,1833,1667,,,1741,
296,1741,2389,,,1537,
315,1759,1462,,,1445,
315,630,1482,,,1630,
297,1519,1463,,,1556,
315,1833,1463,,,1648,
315,1778,1611,,,1445,
297,1778,1426,,,1537,
296,1778,1463,,,1630,
315,1814,1685,,,1444,
315,1463,2814,,,1426,
314,1722,6092,,,1685,
315,1704,1445,,,1500,
315,686,1648,,,1445,
297,2037,1574,,,1370,
314,611,1444,,,1463,
314,611,1445,,,1648,
315,611,1444,,,3741,
315,1685,1741,,,1426,
297,1482,1537,,,1445,
315,1130,1445,,,1463,
297,1722,1630,,,1797,
315,1722,1556,,,1667,
314,1815,1648,,,1444,
314,2000,1445,,,1426,
314,1741,1537,,,1426,
315,1500,1630,,,1629,
314,611,1444,,,1574,
315,1760,1426,,,1463,
315,648,1685,,,1482,
315,1462,1500,,,1445,
296,1797,1445,,,1685,
297,648,1370,,,1629,
296,1796,1463,,,1630,
297,1093,1648,,,1444,
315,1666,3741,,,1648,
296,1426,1426,,,1444,
296,1870,1445,,,1630,
314,1408,1463,,,1407,
315,1740,1797,,,1463,
315,1704,1667,,,1408,
315,666,1444,,,1500,
315,629,1426,,,1648,
314,611,1426,,,1463,
296,1667,1629,,,1630,
315,1722,1574,,,1408,
314,1925,1463,,,1426,
296,1870,1482,,,2759,
296,1148,1445,,,1463,
315,1741,1685,,,1463,
315,648,1629,,,1426,
315,1593,1630,,,1667,
315,2537,1444,,,1444,
315,1778,1648,,,1462,
315,1944,1444,,,1649,
296,1759,1630,,,1445,
315,1500,1407,,,1555,
296,2463,1463,,,1444,
315,1834,1408,,,1759,
315,1185,1500,,,1463,
296,611,1648,,,1667,
315,1648,1463,,,1444,
315,648,1630,,,1630,
315,1833,1408,,,1648,
315,1111,1426,,,1648,
296,1611,2759,,,1463,
315,1167,1463,,,1389,
314,1870,1463,,,1444,
297,611,1426,,,1426,
297,667,1667,,,1648,
315,1462,1444,,,1389,
315,1482,1462,,,1648,
315,1463,1649,,,1667,
315,1815,1445,,,1593,
296,1519,612,,,1629,
315,1611,1555,,,1445,
296,1852,1444,,,1574,
314,1462,1759,,,1667,
297,1648,1463,,,1666,
314,1500,1667,,,1630,
315,2593,1444,,,1630,
315,1611,1630,,,1648,
315,1463,1648,,,1592,
296,1741,1648,,,1463,
315,1648,1463,,,1500,
296,1778,1389,,,1704,
315,1925,1444,,,1444,
315,1722,1426,,,1426,
315,1666,1648,,,1445,
315,1445,1389,,,1648,
315,1759,1648,,,1463,
297,611,1667,,,1463,
314,1555,1593,,,1389,
315,1481,1629,,,1370,
297,1593,1445,,,1444,
315,1741,1574,,,1685,
315,1167,1667,,,1648,
297,2574,1666,,,1648,
315,1889,1630,,,1629,
315,1111,1630,,,1445,
315,1462,1648,,,1500,
315,1629,1592,,,1629,
314,1722,1463,,,1500,
315,1667,1500,,,1444,
315,2703,1704,,,1463,
296,1592,1444,,,1444,
315,1722,1426,,,1648,
296,1704,1445,,,1463,
315,648,1648,,,1666,
315,629,1463,,,1352,
296,1759,1463,,,1462,
296,1574,1389,,,2407,
315,1871,1370,,,1445,
296,1444,1444,,,1667,
315,2500,1685,,,1704,
296,1814,1648,,,2370,
296,7778,1648,,,1444,
315,1630,1629,,,1463,
315,1704,1445,,,1667,
315,2167,1500,,,1574,
296,1648,1629,,,1463,
315,1704,1500,,,1574,
315,667,1444,,,2555,
315,1685,1463,,,1537,
315,1815,1444,,,1445,
315,1462,1648,,,1777,
315,1852,1463,,,1537,
315,648,1666,,,1722,
315,612,1352,,,1463,
315,3056,1462,,,1574,
315,1463,2407,,,3629,
315,648,1445,,,1500,
296,1778,1667,,,1648,
315,1463,1704,,,1463,
314,1500,2370,,,1463,
315,1463,1444,,,1426,
315,666,1463,,,1630,
314,1444,1667,,,1444,
315,1500,1574,,,1463,
315,1685,1463,,,1648,
296,1445,3555,,,1426,
315,1852,1574,,,1593,
685,4741,2555,,,1611,
296,1926,1537,,,1648,
296,1944,1445,,,1685,
315,1519,1777,,,2833,
315,1852,1537,,,1611,
315,1777,1722,,,1463,
315,667,1463,,,1444,
314,2000,1574,,,1482,
315,1797,3629,,,1649,
296,630,1500,,,1482,
315,1463,1648,,,1648,
297,2593,1463,,,1667,
315,1833,1463,,,1611,
296,648,1426,,,1426,
315,667,1630,,,1463,
315,1167,1444,,,1481,
296,1796,1463,,,3685,
315,629,1648,,,1481,
315,1778,1426,,,1445,
315,1629,1593,,,1686,
296,1648,1611,,,1463,
296,2518,1648,,,1481,
315,1482,1685,,,1463,
315,1666,2833,,,2870,
296,1722,1611,,,1648,
315,2463,1463,,,1630,
315,1648,1444,,,1481,
315,1537,1482,,,1463,
315,667,1649,,,1370,
315,2333,1482,,,1704,
296,1815,1648,,,1426,
315,1518,1667,,,1444,
315,1593,1611,,,1629,
297,1963,1426,,,2797,
315,648,1463,,,1648,
296,1629,1481,,,1463,
314,1778,3685,,,1444,
315,1760,1481,,,1426,
315,1667,1445,,,1649,
315,648,1686,,,1648,
314,1722,1463,,,1463,
315,1463,1481,,,1444,
315,1629,1463,,,1630,
315,1426,2870,,,1426,
315,1481,1648,,,1537,
297,1945,1630,,,1445,
315,1407,1481,,,1444,
315,1685,1463,,,1481,
315,1926,1370,,,,
315,1833,1704,,,,
315,1870,1426,,,,
296,667,1444,,,,
315,629,1629,,,,
296,1426,2797,,,,
315,1445,1648,,,,
315,1740,1463,,,,
315,1667,1444,,,,
314,648,1426,,,,
315,1796,1649,,,,
297,1593,1648,,,,
315,1889,1463,,,,
296,1666,1444,,,,
296,648,1630,,,,
315,1796,1426,,,,
314,1759,1537,,,,
296,1592,1445,,,,
296,1574,1444,,,,
296,1759,1481,,,,
