9360
1430
1281
610
940
1340
930
750
470
840
860
770
750
1180
980
720
730
780
860
550
740
630
850
770
580
670
480
530
470
740
770
780
550
560
690
580
790
670
620
590
540
800
480
460
630
530
580
560
570
650
460
540
490
710
500
530
440
410
450
570
750
460
590
580
520
950
810
580
570
600
620
1220
780
670
700
740
770
660
550
680
750
850
540
610
680
1200
690
750
780
790
750
720
790
690
620
570
670
770
610
670
620
750
590
610
730
690
570
710
600
670
650
590
570
630
640
780
740
760
710
840
720
640
700
590
660
940
680
830
620
800
770
560
650
640
600
650
770
780
630
700
870
590
570
710
620
590
910
530
720
620
560
710
600
630
650
660
620
620
750
690
610
680
680
570
600
560
650
620
620
570
560
740
790
640
650
560
590
650
740
610
530
780
610
720
610
780
560
600
780
670
540
690
660
830
770
710
750
610
730
660
700
630
590
650
620
720
550
620
790
720
750
670
720
680
600
550
710
760
640
690
630
650
620
670
540
530
900
670
700
690
610
550
640
760
760
840
560
760
720
630
720
710
720
520
720
580
650
740
570
710
670
710
730
730
730
770
590
750
550
610
760
770
680
680
700
670
730
730
620
710
700
700
590
630
660
670
580
590
610
530
740
590
620
640
570
630
760
710
800
720
670
540
660
650
540
550
640
830
760
600
680
630
530
620
630
700
740
680
580
730
560
690
660
670
790
670
690
510
630
600
870
640
650
630
540
650
720
700
640
690
610
660
650
670
610
640
670
660
680
530
590
640
680
710
620
720
740
730
640
760
650
640
600
740
590
630
690
740
570
770
580
680
740
630
740
550
540
670
720
760
620
720
560
680
760
540
730
560
650
540
510
660
710
570
550
560
570
710
650
640
640
730
710
590
650
690
660
700
740
560
660
580
730
720
700
640
540
600
730
710
670
780
580
570
710
600
620
580
720
550
630
600
670
680
710
720
610
570
790
750
590
710
520
740
650
640
660
680
600
770
560
580
680
720
1410
720
540
640
590
560
710
690
690
690
660
540
610
570
640
700
540
690
690
540
570
660
680
720
650
700
710
600
620
700
710
730
690
610
640
620
620
670
790
670
590
630
530
770
590
570
740
730
700
550
610
720
650
540
540
690
670
830
630
570
580
680
620
700
710
700
570
680
740
800
630
680
570
680
690
700
500
610
670
740
590
630
610
740
660
620
720
1110
1060
770
850
970
810
960
830
860
830
690
570
710
770
590
570
740
660
590
530
540
720
1010
1220
1080
690
800
650
650
520
670
690
630
580
770
600
670
780
660
620
740
700
760
690
590
600
620
560
670
770
590
730
630
710
650
710
580
710
710
690
680
690
560
730
770
790
650
600
660
660
700
790
670
540
690
580
790
690
640
540
800
570
820
650
681
940
1060
970
1150
1020
1030
1130
1120
820
1120
980
730
740
690
600
560
560
670
560
730
740
570
640
550
640
560
690
670
700
720
760
560
650
620
680
680
710
770
590
610
650
640
690
690
630
560
690
510
660
710
660
680
640
700
690
820
570
760
1520
600
670
510
610
540
550
580
580
730
700
610
750
520
740
700
720
560
730
660
660
640
670
520
660
590
600
800
760
500
620
700
620
820
690
740
610
740
520
530
780
520
650
770
710
690
540
590
720
740
720
600
740
660
670
640
870
1020
1040
