1450
340
310
290
860
220
680
240
210
190
1140
900
300
210
210
180
440
200
850
200
350
340
270
1160
850
280
1120
1100
251
250
240
340
270
240
680
250
230
260
260
230
480
260
460
1080
440
470
490
1070
1030
1030
490
570
1030
280
250
480
290
930
990
250
750
270
250
430
270
260
1220
280
280
1060
1090
280
290
250
290
520
270
680
270
270
270
260
510
970
1040
280
260
940
250
1220
260
430
680
260
440
980
260
250
260
240
430
500
270
500
260
440
250
290
260
280
260
1170
700
660
480
1050
270
260
260
1030
270
240
260
240
240
230
1150
640
590
430
260
490
980
1030
490
240
440
240
430
280
470
250
640
250
480
290
1040
1100
250
970
620
270
270
470
340
250
260
240
430
450
1030
480
240
970
250
460
1090
260
270
280
260
280
250
450
990
420
250
270
270
1240
280
700
230
260
270
720
460
1090
1040
1430
370
470
260
250
240
2940
290
480
1180
270
660
270
260
440
260
250
240
280
250
240
240
440
270
250
240
450
260
270
240
600
390
1570
1540
830
390
440
490
490
270
270
1150
650
240
490
1050
480
680
1140
230
240
1050
3310
270
280
240
270
250
651
660
260
240
1120
260
240
440
240
1120
690
1090
260
270
640
250
250
240
270
240
