5150
780
720
540
540
750
680
2070
700
430
430
630
520
470
550
370
440
440
430
470
610
580
480
490
370
600
650
1070
510
560
380
430
580
430
410
460
540
420
580
390
480
420
460
430
410
410
500
480
460
380
390
500
380
420
840
650
1850
640
410
420
450
440
390
530
460
430
570
470
450
370
410
380
400
450
420
380
440
450
400
450
510
430
370
510
500
520
2000
500
600
550
1380
530
490
560
680
660
600
500
590
680
560
490
490
500
500
610
1480
660
490
660
570
560
500
580
570
490
520
560
500
770
590
570
470
590
600
560
960
520
580
970
620
600
540
660
510
570
480
530
570
490
490
530
580
490
560
630
550
470
540
520
830
570
1240
580
520
540
520
550
520
540
480
540
500
520
530
590
610
660
490
670
530
520
510
490
570
500
480
600
890
500
480
610
580
480
480
500
480
710
590
520
970
560
830
550
570
560
600
580
540
540
480
590
490
500
560
510
490
590
990
570
460
490
570
580
520
520
500
610
570
510
500
500
490
560
600
2250
630
500
660
470
610
500
580
510
540
560
520
600
580
550
1800
700
520
530
560
520
500
2370
500
1220
590
570
910
570
570
640
1390
580
550
600
510
580
540
580
520
520
590
970
580
520
890
1340
620
640
580
590
550
600
550
520
520
500
570
520
590
700
1350
560
560
1360
540
640
480
880
510
600
560
640
520
660
580
600
500
520
680
550
550
481
460
480
560
580
470
550
480
990
570
530
530
480
510
520
890
500
490
540
500
820
550
480
500
520
500
530
920
490
520
580
570
730
490
520
530
530
500
580
570
600
610
510
920
500
520
580
660
890
460
590
520
490
480
470
510
520
490
560
500
570
470
500
580
510
550
1460
500
510
490
480
500
520
500
610
490
460
540
580
520
510
460
500
610
500
560
490
490
500
520
480
510
600
470
590
500
610
550
3290
870
500
500
570
480
571
480
1360
560
1860
570
490
530
500
500
570
540
600
560
530
530
520
500
610
500
560
600
580
550
480
550
460
510
590
530
500
550
510
510
580
600
580
480
510
490
580
480
540
520
520
1290
580
570
550
500
490
620
570
500
500
560
550
510
490
930
550
570
500
490
600
580
550
530
580
550
490
500
540
560
530
510
520
490
550
490
1630
550
500
950
480
610
530
530
580
470
560
530
530
520
540
490
500
1390
540
540
600
530
550
540
620
570
600
520
470
540
490
590
540
500
560
510
530
510
580
520
580
490
510
580
600
950
580
540
580
670
930
570
530
570
500
510
490
960
520
520
600
520
690
490
530
480
520
580
570
520
570
540
480
480
550
1200
510
600
510
500
590
590
580
600
500
560
1230
570
520
550
520
500
460
560
480
650
530
520
630
1230
590
580
530
550
580
560
560
570
620
520
510
520
600
520
510
510
490
600
560
580
490
520
510
500
580
570
540
520
560
1230
490
560
620
550
530
550
520
800
560
540
490
490
570
570
540
560
560
570
570
520
520
540
590
510
560
510
550
510
560
490
540
530
550
550
560
500
570
570
500
540
550
570
480
520
480
580
570
510
520
570
1320
890
520
490
530
500
570
570
580
520
520
540
580
530
540
560
500
500
630
510
610
550
590
490
530
570
500
570
490
860
930
910
780
920
1510
910
1040
690
850
2120
1050
1080
560
600
630
630
510
670
540
570
580
500
480
560
560
550
560
870
900
870
520
620
540
620
550
560
480
520
540
550
480
630
510
480
520
610
540
520
570
500
560
530
540
590
570
520
500
480
470
490
2540
690
620
570
540
630
490
590
560
550
510
510
500
460
520
590
860
1390
490
510
560
500
530
610
590
480
480
620
610
570
590
590
500
550
550
520
480
480
520
500
520
600
500
500
910
1260
480
540
510
500
610
760
930
800
820
900
940
970
970
950
750
1020
750
950
1010
940
910
930
940
620
610
610
600
600
510
600
530
560
480
520
990
530
480
600
1220
620
510
450
610
500
570
570
520
560
510
480
600
580
910
540
550
500
570
570
500
590
590
600
500
520
520
480
580
500
600
480
490
570
460
480
600
580
570
630
490
500
570
480
520
590
590
510
480
550
570
580
530
480
460
560
800
570
520
560
900
490
640
480
480
520
480
560
520
470
580
530
920
500
570
510
510
580
590
570
600
560
630
580
470
580
560
920
550
510
620
470
550
510
550
490
530
460
500
480
1250
550
510
580
530
570
530
510
570
580
520
520
490
1190
560
520
500
490
570
910
490
500
500
570
500
470
570
480
600
830
930
1050
